chr1
chr2
chr3
chr4
chr5
chr6
chr7
chr8
chr9
chr10
chr11
chr12
chr13
chr14
chr15
chr16
chr17
chr18
chr19
chr20
chr21
chr22
chrX
chrY
chr10_GL383545v1_alt	179254	3170339809	70	71
chr10_GL383546v1_alt	309802	3170706023	70	71
chr10_KI270824v1_alt	181496	3170521779	70	71
chr10_KI270825v1_alt	188315	3171020406	70	71
chr11_GL383547v1_alt	154407	3172113046	70	71
chr11_JH159136v1_alt	200998	3172269814	70	71
chr11_JH159137v1_alt	191409	3172473839	70	71
chr11_KI270826v1_alt	186169	3172736969	70	71
chr11_KI270827v1_alt	67707	3172668137	70	71
chr11_KI270829v1_alt	204059	3171905916	70	71
chr11_KI270830v1_alt	177092	3171424851	70	71
chr11_KI270831v1_alt	296895	3171604626	70	71
chr11_KI270832v1_alt	210133	3171211563	70	71
chr11_KI270902v1_alt	106711	3208885625	70	71
chr11_KI270903v1_alt	214625	3208994014	70	71
chr11_KI270927v1_alt	218612	3226388309	70	71
chr12_GL383549v1_alt	120804	3173550883	70	71
chr12_GL383550v2_alt	169178	3173915264	70	71
chr12_GL383551v1_alt	184319	3174504385	70	71
chr12_GL383552v1_alt	138655	3174087014	70	71
chr12_GL383553v2_alt	152874	3174227807	70	71
chr12_GL877875v1_alt	167313	3172925948	70	71
chr12_GL877876v1_alt	408271	3173095807	70	71
chr12_KI270833v1_alt	76061	3174691494	70	71
chr12_KI270834v1_alt	119498	3174383022	70	71
chr12_KI270835v1_alt	238139	3173673568	70	71
chr12_KI270836v1_alt	56134	3174768798	70	71
chr12_KI270837v1_alt	40090	3173510065	70	71
chr12_KI270904v1_alt	572349	3209211861	70	71
chr13_KI270838v1_alt	306913	3175480683	70	71
chr13_KI270839v1_alt	180306	3175020467	70	71
chr13_KI270840v1_alt	191684	3174825889	70	71
chr13_KI270841v1_alt	169134	3175308975	70	71
chr13_KI270842v1_alt	37287	3175792137	70	71
chr13_KI270843v1_alt	103832	3175203504	70	71
chr14_KI270844v1_alt	322166	3175830112	70	71
chr14_KI270845v1_alt	180703	3177689893	70	71
chr14_KI270846v1_alt	1351393	3177873336	70	71
chr14_KI270847v1_alt	1511111	3176157037	70	71
chr15_GL383554v1_alt	296527	3180329368	70	71
chr15_GL383555v2_alt	388773	3180878858	70	71
chr15_KI270848v1_alt	327382	3179997154	70	71
chr15_KI270849v1_alt	244917	3180630287	70	71
chr15_KI270850v1_alt	430880	3181273340	70	71
chr15_KI270851v1_alt	263054	3179730187	70	71
chr15_KI270852v1_alt	478999	3179244190	70	71
chr15_KI270905v1_alt	5161414	3209991888	70	71
chr15_KI270906v1_alt	196384	3209792542	70	71
chr16_GL383556v1_alt	192462	3184846031	70	71
chr16_GL383557v1_alt	89672	3185041397	70	71
chr16_KI270853v1_alt	2659700	3182148180	70	71
chr16_KI270854v1_alt	134193	3181710527	70	71
chr16_KI270855v1_alt	232857	3181911840	70	71
chr16_KI270856v1_alt	63982	3181846790	70	71
chr17_GL000258v2_alt	1821992	3189517772	70	71
chr17_GL383563v3_alt	375691	3185132501	70	71
chr17_GL383564v2_alt	133151	3189382562	70	71
chr17_GL383565v1_alt	223995	3191365948	70	71
chr17_GL383566v1_alt	90219	3191943120	70	71
chr17_JH159146v1_alt	278131	3189028798	70	71
chr17_JH159147v1_alt	70345	3189311057	70	71
chr17_JH159148v1_alt	88070	3215857137	70	71
chr17_KI270857v1_alt	2877074	3186110467	70	71
chr17_KI270858v1_alt	235827	3191593298	70	71
chr17_KI270859v1_alt	108763	3191832649	70	71
chr17_KI270860v1_alt	178921	3192034783	70	71
chr17_KI270861v1_alt	196688	3185910813	70	71
chr17_KI270862v1_alt	391357	3185513712	70	71
chr17_KI270907v1_alt	137721	3215227188	70	71
chr17_KI270908v1_alt	1423190	3215946622	70	71
chr17_KI270909v1_alt	325800	3215526528	70	71
chr17_KI270910v1_alt	157099	3215367029	70	71
chr18_GL383567v1_alt	289831	3192329905	70	71
chr18_GL383568v1_alt	104552	3192992597	70	71
chr18_GL383569v1_alt	167950	3193098798	70	71
chr18_GL383570v1_alt	164789	3192624032	70	71
chr18_GL383571v1_alt	198278	3192791331	70	71
chr18_GL383572v1_alt	159547	3193269303	70	71
chr18_KI270863v1_alt	167999	3193431285	70	71
chr18_KI270864v1_alt	111737	3192216416	70	71
chr18_KI270911v1_alt	157710	3217567002	70	71
chr18_KI270912v1_alt	174061	3217390299	70	71
chr19_GL000209v2_alt	177381	3228826287	70	71
chr19_GL383573v1_alt	385657	3193718483	70	71
chr19_GL383574v1_alt	155864	3194473480	70	71
chr19_GL383575v2_alt	170222	3194109805	70	71
chr19_GL383576v1_alt	188024	3194282614	70	71
chr19_GL949746v1_alt	987716	3194912910	70	71
chr19_GL949747v2_alt	729520	3217727120	70	71
chr19_GL949748v2_alt	1064304	3226610201	70	71
chr19_GL949749v2_alt	1091841	3233916929	70	71
chr19_GL949750v2_alt	1066390	3240121786	70	71
chr19_GL949751v2_alt	1002683	3246042586	70	71
chr19_GL949752v1_alt	987100	3252227719	70	71
chr19_GL949753v2_alt	796479	3253307077	70	71
chr19_KI270865v1_alt	52969	3193664602	70	71
chr19_KI270866v1_alt	43156	3194631725	70	71
chr19_KI270867v1_alt	233762	3194675653	70	71
chr19_KI270868v1_alt	61734	3193601834	70	71
chr19_KI270882v1_alt	248807	3199106055	70	71
chr19_KI270883v1_alt	170399	3199358572	70	71
chr19_KI270884v1_alt	157053	3199531561	70	71
chr19_KI270885v1_alt	171027	3199691013	70	71
chr19_KI270886v1_alt	204239	3199864639	70	71
chr19_KI270887v1_alt	209512	3200071951	70	71
chr19_KI270888v1_alt	155532	3200284612	70	71
chr19_KI270889v1_alt	170698	3200442521	70	71
chr19_KI270890v1_alt	184499	3200615813	70	71
chr19_KI270891v1_alt	170680	3200803103	70	71
chr19_KI270914v1_alt	205194	3218820515	70	71
chr19_KI270915v1_alt	170665	3219028796	70	71
chr19_KI270916v1_alt	184516	3219202055	70	71
chr19_KI270917v1_alt	190932	3219389362	70	71
chr19_KI270918v1_alt	123111	3219583177	70	71
chr19_KI270919v1_alt	170701	3219708202	70	71
chr19_KI270920v1_alt	198005	3219881497	70	71
chr19_KI270921v1_alt	282224	3220082486	70	71
chr19_KI270922v1_alt	187935	3220368897	70	71
chr19_KI270923v1_alt	189352	3220559672	70	71
chr19_KI270929v1_alt	186203	3227868639	70	71
chr19_KI270930v1_alt	200773	3228057658	70	71
chr19_KI270931v1_alt	170148	3228261455	70	71
chr19_KI270932v1_alt	215732	3228434189	70	71
chr19_KI270933v1_alt	170537	3228653158	70	71
chr19_KI270938v1_alt	1066800	3254115091	70	71
chr1_GL383518v1_alt	182439	3144975810	70	71
chr1_GL383519v1_alt	110268	3145161011	70	71
chr1_GL383520v2_alt	366580	3145273010	70	71
chr1_KI270759v1_alt	425601	3146620949	70	71
chr1_KI270760v1_alt	109528	3144676475	70	71
chr1_KI270761v1_alt	165834	3147052786	70	71
chr1_KI270762v1_alt	354444	3144056728	70	71
chr1_KI270763v1_alt	911658	3145696112	70	71
chr1_KI270764v1_alt	50258	3145644981	70	71
chr1_KI270765v1_alt	185285	3144787723	70	71
chr1_KI270766v1_alt	256271	3144416389	70	71
chr1_KI270892v1_alt	162212	3200976377	70	71
chr20_GL383577v2_alt	128386	3195914892	70	71
chr20_KI270869v1_alt	118774	3196045268	70	71
chr20_KI270870v1_alt	183433	3196225548	70	71
chr20_KI270871v1_alt	58661	3196165893	70	71
chr21_GL383578v2_alt	63917	3196411756	70	71
chr21_GL383579v2_alt	201197	3196792134	70	71
chr21_GL383580v2_alt	74653	3196996360	70	71
chr21_GL383581v2_alt	116689	3197072235	70	71
chr21_KI270872v1_alt	82692	3197190745	70	71
chr21_KI270873v1_alt	143900	3196646023	70	71
chr21_KI270874v1_alt	166743	3196476742	70	71
chr22_GL383582v2_alt	162811	3198505255	70	71
chr22_GL383583v2_alt	96924	3198406791	70	71
chr22_KB663609v1_alt	74013	3218467216	70	71
chr22_KI270875v1_alt	259914	3197274774	70	71
chr22_KI270876v1_alt	263666	3198036270	70	71
chr22_KI270877v1_alt	101331	3198303858	70	71
chr22_KI270878v1_alt	186262	3197538557	70	71
chr22_KI270879v1_alt	304135	3197727635	70	71
chr22_KI270928v1_alt	176103	3227689865	70	71
chr2_GL383521v1_alt	143390	3147780991	70	71
chr2_GL383522v1_alt	123821	3148523440	70	71
chr2_GL582966v2_alt	96131	3148425780	70	71
chr2_KI270767v1_alt	161578	3148825995	70	71
chr2_KI270768v1_alt	110099	3148313954	70	71
chr2_KI270769v1_alt	120616	3147658498	70	71
chr2_KI270770v1_alt	136240	3147221139	70	71
chr2_KI270771v1_alt	110395	3148201826	70	71
chr2_KI270772v1_alt	133041	3147926583	70	71
chr2_KI270773v1_alt	70887	3147359476	70	71
chr2_KI270774v1_alt	223625	3147431527	70	71
chr2_KI270775v1_alt	138019	3148061680	70	71
chr2_KI270776v1_alt	174166	3148649185	70	71
chr2_KI270893v1_alt	161218	3201358433	70	71
chr2_KI270894v1_alt	214158	3201141060	70	71
chr3_GL383526v1_alt	180671	3149504180	70	71
chr3_JH636055v2_alt	173151	3148990035	70	71
chr3_KI270777v1_alt	173649	3149687588	70	71
chr3_KI270778v1_alt	248252	3149863873	70	71
chr3_KI270779v1_alt	205312	3150230631	70	71
chr3_KI270780v1_alt	224108	3149276715	70	71
chr3_KI270781v1_alt	113034	3150115827	70	71
chr3_KI270782v1_alt	162429	3150439032	70	71
chr3_KI270783v1_alt	109187	3149165813	70	71
chr3_KI270784v1_alt	184404	3150603937	70	71
chr3_KI270895v1_alt	162896	3201522110	70	71
chr3_KI270924v1_alt	166540	3220751885	70	71
chr3_KI270934v1_alt	163458	3229006358	70	71
chr3_KI270935v1_alt	197351	3235024523	70	71
chr3_KI270936v1_alt	164170	3241203566	70	71
chr3_KI270937v1_alt	165607	3247059749	70	71
chr4_GL000257v2_alt	586476	3151510086	70	71
chr4_GL383527v1_alt	164536	3152266487	70	71
chr4_GL383528v1_alt	376187	3151014675	70	71
chr4_KI270785v1_alt	119912	3152433529	70	71
chr4_KI270786v1_alt	244096	3152764352	70	71
chr4_KI270787v1_alt	111943	3151396390	70	71
chr4_KI270788v1_alt	158965	3152105096	70	71
chr4_KI270789v1_alt	205944	3152555310	70	71
chr4_KI270790v1_alt	220246	3150791129	70	71
chr4_KI270896v1_alt	378547	3201687489	70	71
chr4_KI270925v1_alt	555799	3220920960	70	71
chr5_GL339449v2_alt	1612928	3154001955	70	71
chr5_GL383530v1_alt	101241	3155638078	70	71
chr5_GL383531v1_alt	173459	3155916252	70	71
chr5_GL383532v1_alt	82728	3153520583	70	71
chr5_GL949742v1_alt	226852	3153604646	70	71
chr5_KI270791v1_alt	195710	3153321925	70	71
chr5_KI270792v1_alt	179043	3153140173	70	71
chr5_KI270793v1_alt	126136	3153012085	70	71
chr5_KI270794v1_alt	164558	3153834892	70	71
chr5_KI270795v1_alt	131892	3156092344	70	71
chr5_KI270796v1_alt	172708	3155740921	70	71
chr5_KI270897v1_alt	1144418	3202071598	70	71
chr5_KI270898v1_alt	130957	3203232520	70	71
chr6_GL000250v2_alt	4672374	3156226275	70	71
chr6_GL000251v2_alt	4795265	3203365502	70	71
chr6_GL000252v2_alt	4604811	3221484853	70	71
chr6_GL000253v2_alt	4677643	3229172306	70	71
chr6_GL000254v2_alt	4827813	3235224848	70	71
chr6_GL000255v2_alt	4606388	3241370236	70	71
chr6_GL000256v2_alt	4929269	3247227876	70	71
chr6_GL383533v1_alt	124736	3161298499	70	71
chr6_KB021644v2_alt	185823	3162384474	70	71
chr6_KI270758v1_alt	76752	3253229073	70	71
chr6_KI270797v1_alt	197536	3162573107	70	71
chr6_KI270798v1_alt	271782	3162773620	70	71
chr6_KI270799v1_alt	152148	3161144024	70	71
chr6_KI270800v1_alt	175808	3160965551	70	71
chr6_KI270801v1_alt	870480	3161425172	70	71
chr6_KI270802v1_alt	75005	3162308242	70	71
chr7_GL383534v2_alt	119183	3163583112	70	71
chr7_KI270803v1_alt	1111570	3163704154	70	71
chr7_KI270804v1_alt	157952	3163049433	70	71
chr7_KI270805v1_alt	209988	3165235643	70	71
chr7_KI270806v1_alt	158166	3163422531	70	71
chr7_KI270807v1_alt	126434	3165107247	70	71
chr7_KI270808v1_alt	271455	3164831759	70	71
chr7_KI270809v1_alt	209586	3163209795	70	71
chr7_KI270899v1_alt	190869	3208229419	70	71
chr8_KI270810v1_alt	374415	3168262277	70	71
chr8_KI270811v1_alt	292436	3165883544	70	71
chr8_KI270812v1_alt	282736	3165596617	70	71
chr8_KI270813v1_alt	300230	3167180045	70	71
chr8_KI270814v1_alt	141812	3168118284	70	71
chr8_KI270815v1_alt	132244	3169286888	70	71
chr8_KI270816v1_alt	305841	3168976522	70	71
chr8_KI270817v1_alt	158983	3168815112	70	71
chr8_KI270818v1_alt	145606	3165448780	70	71
chr8_KI270819v1_alt	133535	3168642196	70	71
chr8_KI270820v1_alt	36640	3168777793	70	71
chr8_KI270821v1_alt	985506	3166180309	70	71
chr8_KI270822v1_alt	624492	3167484717	70	71
chr8_KI270900v1_alt	318687	3208562233	70	71
chr8_KI270901v1_alt	136959	3208423166	70	71
chr8_KI270926v1_alt	229282	3226155599	70	71
chr9_GL383539v1_alt	162988	3169421173	70	71
chr9_GL383540v1_alt	71551	3169586642	70	71
chr9_GL383541v1_alt	171286	3169659369	70	71
chr9_GL383542v1_alt	60032	3169833254	70	71
chr9_KI270823v1_alt	439082	3169894299	70	71
chrX_KI270880v1_alt	284869	3198670541	70	71
chrX_KI270881v1_alt	144206	3198959633	70	71
chrX_KI270913v1_alt	274009	3218542436	70	71
